1285333231064293378
1450002808229580805
1441071761030664197
239722311
799574
1469241337
1365325922157658117
1448199718425796612
1443902183133564931
262147093
1326942361440706561
1442915751451500544
1367257633602740227
1367260620555452423
754350150357807104
95278991
64245814
791341720470429696
780941853512372224
1427564913602568193
222584301
16632193
918044600
846974414256324608
497739974
780577332805242880
1432774155804499975
261697874
378202816
1061616835
1417759092593119234
732268480179908609
47971284
1288735657863643136
116337949
14121668
991182416
1265415165467660292
2997497762
1425100401217576961
1106307650533363714
2511044237
8273852
1083178126945984513
32917718
2798804447
1403868055541854209
1376521629078028288
3186594402
149005714
1398702580591742979
1396290621644607490
2490297780
18957805
279176818
844036734
1384087863248134150
1190461842922995712
1363378838479261697
271609574
1366415265458700293
953186687261134848
22160201
18399014
1235595204175884289
2025101
1357492233566584832
2806320271
888821797122080768
1296596841732009985
1354184838941696008
905638971362996224
1352772840110616577
1569615132
1033301899536228352
1336774232676700162
233049998
8500742
335488383
1330777669307392001
1328690921446273024
1319251826982686720
719447142650273792
1308740938785861636
3940651277
13686942
831353796
752355219955154944
1052541652680638464
113305345
206340497
1306248923842052097
15785369
1301310099164737536
25758355
1094978973245812738
355852416
42337563
15923007
869730592799281153
278198164
2919263380
169666017
2330940993
908722394
1192443631350796289
1241916530973163521
3234404271
755808986977501184
1265359809349660672
48382538
1061370768385327105
26921595
41181426
3067930637
2436932576
1249249933833764865
20449047
4896184433
899700368208261125
2914605289
1227002684789514240
2847587880
952487271705530368
1225516437785206784
1200680935764746240
1222224279728640002
1221472071299010561
1221796655655047169
1220772348401307649
1221649856525209600
1221214731761078272
1183024705663463424
1221115389079379970
1220476379206164480
1220049301050667008
1205644960361406464
1219709744073474048
1219667986451222535
1219622016522670081
1219285474533167110
1217668183483658240
1205333199477493760
3085709819
1191265055112859649
1196166843053961216
1193122769883541505
47995926
814881163059806208
956249221941751813
2722830710
1192435427518619649
1179138666477674497
743086431971778561
390440010
1151474119252336641
1164239759721394176
1175558436135813122
1174858634066616323
123199606
774291230985367552
384353422
570277495
945086682805633024
16868154
936026224937308161
1164345529918115840
618128128
885393684912635904
1163731318091452416
256842707
217377296
1141100839437836288
1159091256766713856
742639456080039936
157012781
10271802
869113722530402304
4909734269
605923
189145660
1131248236168175617
1008388189826973696
1118163140485832704
1132403031830618119
1723337161
264861144
831213299643584512
19613659
973652743998115840
1122452768776527875
121140906
1121089643133460481
1118049047087132672
3459604876
15709998
704828545130835968
35213582
1106677911032119297
14341386
1098191336468041729
311164029
856814478
1047393245674725376
1089947667852083200
1086431127500410880
213612790
90327389
1088141174769106945
1085975614564253697
125577272
2607674898
1082272780542988289
285932503
84562497
360935984
2370912601
915196352
888343617307148289
16309753
839212831
28288234
1047918032570523648
197877074
932898486424440832
10034972
122477531
254201259
60923303
27838943
3760398976
15841047
1911773226
398726412
1034574754781511680
1025874262945611776
1027016812658085888
122387614
539316186
8769542
47233122
887212087449010176
3080761
57014378
773474414516015104
902487628578095107
5693852
22898537
539768101
145310513
15709458
164805193
899324236610715648
14807028
43868896
817603403677253633
2771013624
2351420289
15931296
997804160
840612089626468353
1711281463
5380512
3367252762
1637456210
863233914
743848332804628485
50122046
14278162
3256198422
4502652733
149163722
975404447449993216
202501551
38996816
926744156294090752
962891533904068608
2182839406
15449070
920700510306529280
1148354221
820266752617615361
420457074
958589852634746880
957904450047414272
56285668
1381440247
57642998
603399914
203744844
846395581471838208
543394546
942459317449580553
22943563
813645631294152705
1632131
3707214743
936161773325078528
35592012
2151332060
14707329
894036494096113664
4897300665
921741994577334278
34775622
919976834577641473
891653392736501760
191032987
907341293717737473
824794440409706496
4724374220
808893873766432768
315675025
791685941672935424
34317032
344269976
1148762064
307755344
146977144
887768849503973378
190987043
868341456972525569
821042028800802816
878776601890086913
24092133
2173480850
135076044
455827771
18663040
796050591248220162
281068455
3042711
54257466
828469626124136448
1701371
36299530
852241
2991697611
1564889394
825218681252765696
476100749
7377862
19203768
797693495553232896
258032124
198380023
13645402
104591562
729223119030751232
820395
739900844531974144
54493821
737852660183932928
708690890974470145
618889136
4738176435
30180284
14564240
1589381
106536714
19543146
220983330
589300441
256118545
1299060908
16700783
2239834663
1200468920
50128998
742243474485956608
326644141
173013762
2495140081
2153354521
255681367
698172818563952640
18076477
3485785534
4844579470
284205655
27013170
15754107
15970999
727549675
1794171
3855821243
3439046147
245981438
3809474417
153136109
889998600
3405639663
97436767
2278388744
3589613055
3404105714
3431446607
77531826
78269677
3354261519
2434191466
2580841434
116974911
3271976762
2396255567
26396580
3241373905
31866134
6758652
14629974
1686799970
259850415
3219466105
3099127504
3161452212
365952591
1862092890
2936496598
174805704
22689222
274274893
2986305078
1187739625
70381169
248487038
2908594483
707840696
65829374
2865759292
18227931
387831845
2796664071
35063411
19776081
2800143252
2592291038
2763613546
79942228
244663348
320298773
2533947620
14149525
1511472330
36132608
1383120733
2381231737
2359848976
538185924
22058343
2322493710
355773903
221783062
711254847
2243119087
818102
1444456622
50410039
15842692
15044465
22826489
151901549
1927768428
195447741
12434302
199205892
466184798
1031591
39125230
382427814
201612370
28631536
104074179
57553780
549981650
20816117
98296019
17075190
380373487
249127464
830441646
12006852
48082526
954570740
606550203
211554263
377121556
399555239
32747579
619160729
337124515
605081124
14211946
570557060
221460308
479894950
350556278
278661116
16861499
269869476
180473295
18638955
23670057
16914744
